$ANSIBLE_VAULT;1.1;AES256
33373533376264616233633137613563336665646634613566396666303837353239386130616439
3437653931653333653663303632653636396131346133330a323861333537386138386331663261
66313963303030636637343266343865346436626166656333663063306439393861383363356336
3533323033306136650a316136353233643065613638626362373365306164653734343566373463
30656435633162333837616665366538306162316364386264363936376562373563613866346463
35626236336334383365333237656236633363616331356165333437303961636230323635383239
64323166636436313366616133366339313235333838383765326366316336666634623262383639
32313933613866666434623965623864633163363162393136363532343436336638336238333362
65623065613835656466323064653131623732393033386264313234396333616564666631373837
35336566393666643831633937373164343839646532633035363035303930306432333034626433
633932646266376463623233386631373132
